
Displaying First Unsorted Array of Students:
1652     John Smith                44   51   90   11   64   69   97   49   78   12
1669     Jane Smith                44   68   93   86   92   8    63   52   36   92
1040     James Smithers            43   58   93   86   92   81   73   52   100  92
1223     Johnathan Smoth           47   68   73   76   92   38   63   52   66   92
1628     Don Johnson               49   68   93   86   92   8    63   52   36   92
1066     John Donson               100  68   93   86   92   8    63   52   36   82
1706     Don Donnerson             84   68   73   86   92   8    63   52   36   92
1255     Dane Danerson             54   68   93   86   92   91   53   52   39   91
1142     Elvis Presley             84   68   93   86   92   82   63   72   36   92
1148     Jennifer Aniston          44   68   93   86   92   18   63   52   36   92
1461     Jorn Smith                13   76   25   16   94   37   12   89   7    89
1995     Janet Smith               17   48   19   84   23   29   93   87   76   38
1198     Jameson Smitherson        11   50   56   44   9    66   4    15   79   29
1261     Johnathanathan Smothoth   95   25   95   82   12   12   85   71   2    63
1409     Donny Johnnyson           56   89   79   11   100  11   39   42   55   71
1160     Johnny Donnyson           41   92   29   6    91   48   35   53   11   37
1283     Donathan Donathanerson    41   7    8    22   8    73   50   35   4    76
1361     Danet Daneterson          21   33   90   49   52   47   75   79   81   54
1584     Elvish President          61   76   11   66   100  9    24   54   91   79
1299     Hennifer Maniston         84   77   57   94   9    42   85   70   97   74

Displaying Student Records Using InOrder Traversal
1040     James Smithers            43   58   93   86   92   81   73   52   100  92
1066     John Donson               100  68   93   86   92   8    63   52   36   82
1142     Elvis Presley             84   68   93   86   92   82   63   72   36   92
1148     Jennifer Aniston          44   68   93   86   92   18   63   52   36   92
1160     Johnny Donnyson           41   92   29   6    91   48   35   53   11   37
1198     Jameson Smitherson        11   50   56   44   9    66   4    15   79   29
1223     Johnathan Smoth           47   68   73   76   92   38   63   52   66   92
1255     Dane Danerson             54   68   93   86   92   91   53   52   39   91
1261     Johnathanathan Smothoth   95   25   95   82   12   12   85   71   2    63
1283     Donathan Donathanerson    41   7    8    22   8    73   50   35   4    76
1299     Hennifer Maniston         84   77   57   94   9    42   85   70   97   74
1361     Danet Daneterson          21   33   90   49   52   47   75   79   81   54
1409     Donny Johnnyson           56   89   79   11   100  11   39   42   55   71
1461     Jorn Smith                13   76   25   16   94   37   12   89   7    89
1584     Elvish President          61   76   11   66   100  9    24   54   91   79
1628     Don Johnson               49   68   93   86   92   8    63   52   36   92
1652     John Smith                44   51   90   11   64   69   97   49   78   12
1669     Jane Smith                44   68   93   86   92   8    63   52   36   92
1706     Don Donnerson             84   68   73   86   92   8    63   52   36   92
1995     Janet Smith               17   48   19   84   23   29   93   87   76   38
Please enter first Student ID to search for: 1040

Record found!
1040     James Smithers            43   58   93   86   92   81   73   52   100  92
Please enter second Student ID to search for: 1066

Record found!
1066     John Donson               100  68   93   86   92   8    63   52   36   82
Please enter first Student ID to delete: 1040

Record Deleted.
Please enter second Student ID to delete: 1066

Record Deleted.

Displaying tree after deletions
1142     Elvis Presley             84   68   93   86   92   82   63   72   36   92
1148     Jennifer Aniston          44   68   93   86   92   18   63   52   36   92
1160     Johnny Donnyson           41   92   29   6    91   48   35   53   11   37
1198     Jameson Smitherson        11   50   56   44   9    66   4    15   79   29
1223     Johnathan Smoth           47   68   73   76   92   38   63   52   66   92
1255     Dane Danerson             54   68   93   86   92   91   53   52   39   91
1261     Johnathanathan Smothoth   95   25   95   82   12   12   85   71   2    63
1283     Donathan Donathanerson    41   7    8    22   8    73   50   35   4    76
1299     Hennifer Maniston         84   77   57   94   9    42   85   70   97   74
1361     Danet Daneterson          21   33   90   49   52   47   75   79   81   54
1409     Donny Johnnyson           56   89   79   11   100  11   39   42   55   71
1461     Jorn Smith                13   76   25   16   94   37   12   89   7    89
1584     Elvish President          61   76   11   66   100  9    24   54   91   79
1628     Don Johnson               49   68   93   86   92   8    63   52   36   92
1652     John Smith                44   51   90   11   64   69   97   49   78   12
1669     Jane Smith                44   68   93   86   92   8    63   52   36   92
1706     Don Donnerson             84   68   73   86   92   8    63   52   36   92
1995     Janet Smith               17   48   19   84   23   29   93   87   76   38

Displaying Second Unsorted Array of Students:
1449     Abe Jonson                17   28   83   47   26   66   11   49   7    86
1777     Jeff Jonny                88   76   41   14   66   38   17   6    79   5
1382     Johnny Abesmith           26   33   60   72   9    12   64   88   60   39
1546     Johnathan Aemith          10   96   46   69   64   19   19   59   45   21
1256     Jo Sith                   8    22   86   40   70   41   21   8    36   33
1105     Johb Emith                89   30   34   63   98   89   36   9    80   61
1427     On Ramith                 73   5    26   39   64   38   65   85   52   53
1654     Jay Smaserth              41   28   7    71   47   80   74   55   71   47
1524     Joasdfhn Smiasdfth        35   15   32   96   99   58   66   49   37   76
1112     Dan Danson                79   58   82   17   57   40   94   79   43   38
1798     George Georgeson          3    75   84   47   91   65   18   76   24   45
1151     Jeff Jeffson              69   2    19   60   45   6    16   15   81   50
1342     Joe Joeson                87   79   27   16   66   12   60   90   82   84
1977     Arty Artson               3    32   13   18   69   62   79   77   13   2
1188     Smitherton Smith          80   35   9    84   60   22   49   88   24   77
1457     Jhayn Jayneson            70   4    4    90   70   39   65   95   9    89
1435     Onad Ramithsmith          73   38   15   36   17   13   33   70   19   46
1961     Jayerton Smaserthorn      72   32   15   96   58   58   27   90   18   52
1398     Joasn Smifth              73   63   86   81   52   66   15   21   31   23
1252     Jowerasdfhn Smasdfiasdfth 67   24   85   26   39   93   38   12   18   57

Displaying Student Records Using InOrder Traversal
1105     Johb Emith                89   30   34   63   98   89   36   9    80   61
1112     Dan Danson                79   58   82   17   57   40   94   79   43   38
1151     Jeff Jeffson              69   2    19   60   45   6    16   15   81   50
1188     Smitherton Smith          80   35   9    84   60   22   49   88   24   77
1252     Jowerasdfhn Smasdfiasdfth 67   24   85   26   39   93   38   12   18   57
1256     Jo Sith                   8    22   86   40   70   41   21   8    36   33
1342     Joe Joeson                87   79   27   16   66   12   60   90   82   84
1382     Johnny Abesmith           26   33   60   72   9    12   64   88   60   39
1398     Joasn Smifth              73   63   86   81   52   66   15   21   31   23
1427     On Ramith                 73   5    26   39   64   38   65   85   52   53
1435     Onad Ramithsmith          73   38   15   36   17   13   33   70   19   46
1449     Abe Jonson                17   28   83   47   26   66   11   49   7    86
1457     Jhayn Jayneson            70   4    4    90   70   39   65   95   9    89
1524     Joasdfhn Smiasdfth        35   15   32   96   99   58   66   49   37   76
1546     Johnathan Aemith          10   96   46   69   64   19   19   59   45   21
1654     Jay Smaserth              41   28   7    71   47   80   74   55   71   47
1777     Jeff Jonny                88   76   41   14   66   38   17   6    79   5
1798     George Georgeson          3    75   84   47   91   65   18   76   24   45
1961     Jayerton Smaserthorn      72   32   15   96   58   58   27   90   18   52
1977     Arty Artson               3    32   13   18   69   62   79   77   13   2
Please enter first Student ID to search for: 1105

Record found!
1105     Johb Emith                89   30   34   63   98   89   36   9    80   61
Please enter second Student ID to search for: 1256

Record found!
1256     Jo Sith                   8    22   86   40   70   41   21   8    36   33
Please enter first Student ID to delete: 1105

Record Deleted.
Please enter second Student ID to delete: 1256

Record Deleted.

Displaying tree after deletions
1112     Dan Danson                79   58   82   17   57   40   94   79   43   38
1151     Jeff Jeffson              69   2    19   60   45   6    16   15   81   50
1188     Smitherton Smith          80   35   9    84   60   22   49   88   24   77
1252     Jowerasdfhn Smasdfiasdfth 67   24   85   26   39   93   38   12   18   57
1342     Joe Joeson                87   79   27   16   66   12   60   90   82   84
1382     Johnny Abesmith           26   33   60   72   9    12   64   88   60   39
1398     Joasn Smifth              73   63   86   81   52   66   15   21   31   23
1427     On Ramith                 73   5    26   39   64   38   65   85   52   53
1435     Onad Ramithsmith          73   38   15   36   17   13   33   70   19   46
1449     Abe Jonson                17   28   83   47   26   66   11   49   7    86
1457     Jhayn Jayneson            70   4    4    90   70   39   65   95   9    89
1524     Joasdfhn Smiasdfth        35   15   32   96   99   58   66   49   37   76
1546     Johnathan Aemith          10   96   46   69   64   19   19   59   45   21
1654     Jay Smaserth              41   28   7    71   47   80   74   55   71   47
1777     Jeff Jonny                88   76   41   14   66   38   17   6    79   5
1798     George Georgeson          3    75   84   47   91   65   18   76   24   45
1961     Jayerton Smaserthorn      72   32   15   96   58   58   27   90   18   52
1977     Arty Artson               3    32   13   18   69   62   79   77   13   2

Process returned 0 (0x0)   execution time : 18.746 s
Press any key to continue.
